[15, 0, 0, 0, 0, '14:30:46']
[15, 1, 0, 0, 0, '14:30:47']
[15, 1, 0, 0, 0, '14:30:48']
[15, 1, 0, 0, 0, '14:30:49']
[14, 1, 0, 0, 0, '14:30:50']
[15, 2, 0, 0, 0, '14:30:51']
[15, 2, 0, 0, 0, '14:30:53']
[15, 2, 0, 0, 0, '14:30:54']
[15, 1, 0, 0, 0, '14:30:55']
[14, 1, 0, 0, 0, '14:30:56']
[14, 1, 0, 0, 0, '14:30:58']
[14, 0, 0, 0, 0, '14:30:59']
[14, 0, 0, 0, 0, '14:31:00']
[14, 0, 0, 0, 0, '14:31:01']
[14, 0, 0, 0, 0, '14:31:02']
[14, 0, 0, 0, 0, '14:31:03']
[16, 0, 0, 0, 0, '14:31:04']
[16, 0, 0, 0, 0, '14:31:05']
[15, 0, 0, 0, 0, '14:31:07']
[16, 0, 0, 0, 0, '14:31:08']
[16, 0, 0, 0, 0, '14:31:09']
[16, 0, 0, 0, 0, '14:31:10']
[15, 0, 0, 0, 0, '14:31:11']
[16, 0, 0, 0, 0, '14:31:12']
[15, 2, 0, 0, 0, '14:31:13']
[16, 2, 0, 0, 0, '14:31:15']
[15, 2, 0, 0, 0, '14:31:16']
[15, 2, 0, 0, 0, '14:31:17']
[15, 2, 0, 0, 0, '14:31:18']
[15, 2, 0, 0, 0, '14:31:19']
[15, 1, 0, 0, 0, '14:31:20']
[15, 2, 0, 0, 0, '14:31:21']
[15, 2, 0, 0, 0, '14:31:23']
[15, 2, 0, 0, 0, '14:31:24']
[15, 1, 0, 0, 0, '14:31:25']
[15, 2, 0, 0, 0, '14:31:26']
[15, 1, 0, 0, 0, '14:31:27']
[15, 2, 0, 0, 0, '14:31:28']
[15, 1, 0, 0, 0, '14:31:29']
[15, 1, 0, 0, 0, '14:31:31']
[16, 0, 0, 0, 0, '14:31:32']
[15, 1, 0, 0, 0, '14:31:33']
[16, 0, 0, 0, 0, '14:31:34']
[15, 1, 0, 0, 0, '14:31:35']
[15, 0, 0, 0, 0, '14:31:36']
[15, 0, 0, 0, 0, '14:31:38']
[15, 0, 0, 0, 0, '14:31:39']
[15, 0, 0, 0, 0, '14:31:40']
[15, 1, 0, 0, 0, '14:31:41']
[15, 0, 0, 0, 0, '14:31:42']
[15, 1, 0, 0, 0, '14:31:43']
[15, 0, 0, 0, 0, '14:31:44']
[15, 1, 0, 0, 0, '14:31:46']
[15, 1, 0, 0, 0, '14:31:47']
[15, 1, 0, 0, 0, '14:31:48']
[15, 1, 0, 0, 0, '14:31:49']
[15, 0, 0, 0, 0, '14:31:50']
[15, 1, 0, 0, 0, '14:31:51']
[15, 0, 0, 0, 0, '14:31:53']
[16, 0, 0, 0, 0, '14:31:54']
[16, 1, 0, 0, 0, '14:31:55']
[16, 1, 0, 0, 0, '14:31:56']
[16, 1, 0, 0, 0, '14:31:57']
[16, 1, 0, 0, 0, '14:31:58']
[16, 2, 0, 0, 0, '14:31:59']
[16, 2, 0, 0, 0, '14:32:01']
[16, 3, 0, 0, 0, '14:32:02']
[15, 2, 0, 0, 0, '14:32:03']
[16, 3, 0, 0, 0, '14:32:04']
[16, 1, 0, 0, 0, '14:32:05']
[16, 2, 0, 0, 0, '14:32:07']
[16, 2, 0, 0, 0, '14:32:08']
[16, 4, 0, 0, 0, '14:32:09']
[16, 5, 0, 0, 0, '14:32:10']
[16, 5, 0, 0, 0, '14:32:11']
[16, 4, 0, 0, 0, '14:32:13']
[16, 2, 0, 0, 0, '14:32:14']
[16, 2, 0, 0, 0, '14:32:15']
[16, 2, 0, 0, 0, '14:32:16']
[16, 3, 0, 0, 0, '14:32:17']
[16, 3, 0, 0, 0, '14:32:18']
[17, 2, 0, 0, 0, '14:32:19']
[16, 2, 0, 0, 0, '14:32:21']
[16, 3, 0, 0, 0, '14:32:22']
[16, 2, 0, 0, 0, '14:32:23']
[16, 2, 0, 0, 0, '14:32:24']
[17, 2, 0, 0, 0, '14:32:25']
[16, 2, 0, 0, 0, '14:32:26']
[17, 2, 0, 0, 0, '14:32:28']
[17, 2, 0, 0, 0, '14:32:29']
[16, 2, 0, 0, 0, '14:32:30']
[16, 2, 0, 0, 0, '14:32:31']
[16, 3, 0, 0, 0, '14:32:32']
[16, 3, 0, 0, 0, '14:32:33']
[15, 3, 0, 0, 0, '14:32:34']
[15, 2, 0, 0, 0, '14:32:36']
[16, 2, 0, 0, 0, '14:32:37']
[17, 2, 0, 0, 0, '14:32:38']
[16, 2, 0, 0, 0, '14:32:39']
[15, 3, 0, 0, 0, '14:32:40']
[15, 3, 0, 0, 0, '14:32:41']
[15, 3, 0, 0, 0, '14:32:43']
[16, 3, 0, 0, 0, '14:32:44']
[15, 3, 0, 0, 0, '14:32:45']
[15, 3, 0, 0, 0, '14:32:47']
[16, 3, 0, 0, 0, '14:32:48']
[16, 3, 0, 0, 0, '14:32:49']
[16, 4, 0, 0, 0, '14:32:51']
[16, 3, 0, 0, 0, '14:32:52']
[15, 3, 0, 0, 0, '14:32:53']
[14, 2, 0, 0, 0, '14:32:54']
[13, 2, 0, 0, 0, '14:32:55']
[14, 2, 0, 0, 0, '14:32:57']
[14, 2, 0, 0, 0, '14:32:58']
[14, 1, 0, 0, 0, '14:32:59']
[14, 2, 0, 0, 0, '14:33:00']
[13, 2, 0, 0, 0, '14:33:01']
[13, 2, 0, 0, 0, '14:33:03']
[13, 3, 0, 0, 0, '14:33:04']
[14, 2, 0, 0, 0, '14:33:05']
[15, 1, 0, 0, 0, '14:33:06']
[15, 2, 0, 0, 0, '14:33:07']
[14, 1, 0, 0, 0, '14:33:09']
[15, 0, 0, 0, 0, '14:33:10']
[15, 1, 0, 0, 0, '14:33:11']
[15, 3, 0, 0, 0, '14:33:13']
[15, 2, 0, 0, 0, '14:33:14']
[14, 2, 0, 0, 0, '14:33:15']
[16, 2, 0, 0, 0, '14:33:16']
[15, 3, 0, 0, 0, '14:33:18']
[14, 2, 0, 0, 0, '14:33:19']
[14, 3, 0, 0, 0, '14:33:20']
[15, 3, 0, 0, 0, '14:33:21']
[14, 2, 0, 0, 0, '14:33:22']
[13, 2, 0, 0, 0, '14:33:24']
[13, 4, 0, 0, 0, '14:33:25']
[15, 4, 0, 0, 0, '14:33:26']
[15, 4, 0, 0, 0, '14:33:27']
[14, 3, 0, 0, 0, '14:33:28']
[14, 3, 0, 0, 0, '14:33:29']
[15, 3, 0, 0, 0, '14:33:31']
[14, 3, 0, 0, 0, '14:33:32']
[14, 4, 0, 0, 0, '14:33:33']
[15, 4, 0, 0, 0, '14:33:34']
[15, 4, 0, 0, 0, '14:33:35']
[14, 4, 0, 0, 0, '14:33:36']
[14, 4, 0, 0, 0, '14:33:38']
[14, 4, 0, 0, 0, '14:33:39']
[14, 3, 0, 0, 0, '14:33:40']
[14, 4, 0, 0, 0, '14:33:41']
[14, 4, 0, 0, 0, '14:33:42']
[14, 4, 0, 0, 0, '14:33:44']
[14, 3, 0, 0, 0, '14:33:45']
[14, 3, 0, 0, 0, '14:33:46']
[15, 3, 0, 0, 0, '14:33:47']
[15, 3, 0, 0, 0, '14:33:48']
[15, 3, 0, 0, 0, '14:33:49']
[15, 4, 0, 0, 0, '14:33:51']
[15, 3, 0, 0, 0, '14:33:52']
[15, 3, 0, 0, 0, '14:33:53']
[15, 3, 0, 0, 0, '14:33:54']
[15, 3, 0, 0, 0, '14:33:55']
[15, 2, 0, 0, 0, '14:33:57']
[16, 2, 0, 0, 0, '14:33:58']
[14, 2, 0, 0, 0, '14:33:59']
[14, 2, 0, 0, 0, '14:34:01']
[14, 2, 0, 0, 0, '14:34:02']
[14, 2, 0, 0, 0, '14:34:03']
[15, 3, 0, 0, 0, '14:34:05']
[14, 3, 0, 0, 0, '14:34:06']
[14, 3, 0, 0, 0, '14:34:07']
[14, 3, 0, 0, 0, '14:34:08']
[14, 3, 0, 0, 0, '14:34:09']
[14, 3, 0, 0, 0, '14:34:10']
[14, 4, 0, 0, 0, '14:34:12']
[14, 4, 0, 0, 0, '14:34:13']
[14, 3, 0, 0, 0, '14:34:14']
[13, 4, 0, 0, 0, '14:34:15']
[13, 4, 0, 0, 0, '14:34:17']
[14, 4, 0, 0, 0, '14:34:18']
[14, 4, 0, 0, 0, '14:34:19']
[14, 4, 0, 0, 0, '14:34:20']
[14, 4, 0, 0, 0, '14:34:21']
[14, 4, 0, 0, 0, '14:34:22']
[14, 4, 0, 0, 0, '14:34:24']
[14, 3, 0, 0, 0, '14:34:25']
[15, 3, 0, 0, 0, '14:34:26']
[14, 3, 0, 0, 0, '14:34:28']
[14, 3, 0, 0, 0, '14:34:29']
[15, 3, 0, 0, 0, '14:34:30']
[14, 3, 0, 0, 0, '14:34:31']
[14, 3, 0, 0, 0, '14:34:32']
[14, 4, 0, 0, 0, '14:34:33']
[14, 3, 0, 0, 0, '14:34:35']
[14, 3, 0, 0, 0, '14:34:36']
[14, 2, 0, 0, 0, '14:34:37']
[13, 2, 0, 0, 0, '14:34:38']
[13, 2, 0, 0, 0, '14:34:39']
[13, 2, 0, 0, 0, '14:34:40']
[13, 2, 0, 0, 0, '14:34:42']
[14, 3, 0, 0, 0, '14:34:43']
[14, 3, 0, 0, 0, '14:34:44']
[14, 2, 0, 0, 0, '14:34:45']
[13, 2, 0, 0, 0, '14:34:46']
[13, 2, 0, 0, 0, '14:34:48']
[13, 2, 0, 0, 0, '14:34:49']
[13, 2, 0, 0, 0, '14:34:50']
[13, 2, 0, 0, 0, '14:34:51']
[14, 2, 0, 0, 0, '14:34:52']
[14, 2, 0, 0, 0, '14:34:54']
[14, 2, 0, 0, 0, '14:34:55']
[14, 2, 0, 0, 0, '14:34:56']
[13, 3, 0, 0, 0, '14:34:57']
[13, 2, 0, 0, 0, '14:34:58']
[13, 3, 0, 0, 0, '14:34:59']
[13, 2, 0, 0, 0, '14:35:01']
[12, 3, 0, 0, 0, '14:35:02']
[13, 3, 0, 0, 0, '14:35:03']
[12, 3, 0, 0, 0, '14:35:04']
[12, 3, 0, 0, 0, '14:35:05']
[12, 4, 0, 0, 0, '14:35:07']
[12, 3, 0, 0, 0, '14:35:08']
[12, 2, 0, 0, 0, '14:35:09']
[11, 2, 0, 0, 0, '14:35:10']
[12, 3, 0, 0, 0, '14:35:11']
[11, 2, 0, 0, 0, '14:35:12']
[12, 3, 0, 0, 0, '14:35:14']
[12, 3, 0, 0, 0, '14:35:15']
[12, 3, 0, 0, 0, '14:35:16']
[12, 3, 0, 0, 0, '14:35:17']
[12, 4, 0, 0, 0, '14:35:18']
[12, 4, 0, 0, 0, '14:35:20']
[14, 4, 0, 0, 0, '14:35:21']
[14, 4, 0, 0, 0, '14:35:22']
[14, 3, 0, 0, 0, '14:35:23']
[14, 3, 0, 0, 0, '14:35:24']
[14, 2, 0, 0, 0, '14:35:25']
[14, 3, 0, 0, 0, '14:35:27']
[14, 3, 0, 0, 0, '14:35:28']
[14, 4, 0, 0, 0, '14:35:29']
[14, 2, 0, 0, 0, '14:35:30']
[14, 2, 0, 0, 0, '14:35:31']
[14, 2, 0, 0, 0, '14:35:33']
[14, 2, 0, 0, 0, '14:35:34']
[14, 3, 0, 0, 0, '14:35:35']
[15, 4, 0, 0, 0, '14:35:36']
[15, 4, 0, 0, 0, '14:35:37']
[14, 4, 0, 0, 0, '14:35:39']
[14, 6, 0, 0, 0, '14:35:40']
[14, 6, 0, 0, 0, '14:35:41']
[13, 6, 0, 0, 0, '14:35:42']
[14, 6, 0, 0, 0, '14:35:43']
[14, 6, 0, 0, 0, '14:35:45']
[14, 5, 0, 0, 0, '14:35:46']
[14, 7, 0, 0, 0, '14:35:47']
[14, 7, 0, 0, 0, '14:35:48']
[12, 5, 0, 0, 0, '14:35:49']
[12, 6, 0, 0, 0, '14:35:50']
[12, 6, 0, 0, 0, '14:35:52']
[11, 6, 0, 0, 0, '14:35:53']
[11, 4, 0, 0, 0, '14:35:54']
[10, 6, 0, 0, 0, '14:35:55']
[10, 5, 0, 0, 0, '14:35:56']
[10, 3, 0, 0, 0, '14:35:58']
[11, 3, 0, 0, 0, '14:35:59']
[12, 4, 0, 0, 0, '14:36:00']
[9, 4, 0, 0, 0, '14:36:01']
[10, 1, 0, 0, 0, '14:36:02']
[11, 3, 0, 0, 0, '14:36:04']
[10, 2, 0, 0, 0, '14:36:05']
[10, 2, 0, 0, 0, '14:36:06']
[10, 2, 0, 0, 0, '14:36:07']
[13, 4, 0, 0, 0, '14:36:09']
[13, 6, 0, 0, 0, '14:36:10']
[12, 4, 0, 0, 0, '14:36:11']
[10, 4, 0, 0, 0, '14:36:12']
[11, 3, 0, 0, 0, '14:36:13']
[10, 4, 0, 0, 0, '14:36:14']
[11, 4, 0, 0, 0, '14:36:16']
[11, 4, 0, 0, 0, '14:36:17']
[13, 3, 0, 0, 0, '14:36:18']
[13, 3, 0, 0, 0, '14:36:19']
[13, 3, 0, 0, 0, '14:36:21']
[13, 3, 0, 0, 0, '14:36:22']
[12, 3, 0, 0, 0, '14:36:23']
[12, 3, 0, 0, 0, '14:36:24']
[12, 3, 0, 0, 0, '14:36:25']
[11, 3, 0, 0, 0, '14:36:26']
[12, 3, 0, 0, 0, '14:36:28']
[11, 3, 0, 0, 0, '14:36:29']
[11, 4, 0, 0, 0, '14:36:30']
[11, 4, 0, 0, 0, '14:36:31']
[11, 4, 0, 0, 0, '14:36:32']
[12, 3, 0, 0, 0, '14:36:34']
[12, 3, 0, 0, 0, '14:36:35']
[12, 3, 0, 0, 0, '14:36:36']
[13, 3, 0, 0, 0, '14:36:37']
[13, 3, 0, 0, 0, '14:36:38']
[12, 4, 0, 0, 0, '14:36:39']
[12, 3, 0, 0, 0, '14:36:41']
[12, 3, 0, 0, 0, '14:36:42']
[12, 3, 0, 0, 0, '14:36:43']
[13, 4, 0, 0, 0, '14:36:44']
[14, 5, 0, 0, 0, '14:36:45']
[13, 5, 0, 0, 0, '14:36:46']
[14, 5, 0, 0, 0, '14:36:48']
[13, 4, 0, 0, 0, '14:36:49']
[13, 4, 0, 0, 0, '14:36:50']
[12, 4, 0, 0, 0, '14:36:51']
[12, 4, 0, 0, 0, '14:36:52']
[13, 5, 0, 0, 0, '14:36:54']
[13, 6, 0, 0, 0, '14:36:55']
[12, 5, 0, 0, 0, '14:36:56']
[12, 4, 0, 0, 0, '14:36:57']
[12, 4, 0, 0, 0, '14:36:59']
[13, 4, 0, 0, 0, '14:37:00']
[13, 2, 0, 0, 0, '14:37:01']
[13, 4, 0, 0, 0, '14:37:02']
[13, 3, 0, 0, 0, '14:37:03']
[13, 2, 0, 0, 0, '14:37:04']
[12, 4, 0, 0, 0, '14:37:06']
[12, 4, 0, 0, 0, '14:37:07']
[12, 4, 0, 0, 0, '14:37:08']
[12, 6, 0, 0, 0, '14:37:09']
[12, 5, 0, 0, 0, '14:37:10']
[12, 4, 0, 0, 0, '14:37:11']
[12, 4, 0, 0, 0, '14:37:13']
[12, 5, 0, 0, 0, '14:37:14']
[13, 5, 0, 0, 0, '14:37:15']
[13, 4, 0, 0, 0, '14:37:16']
[13, 5, 0, 0, 0, '14:37:17']
[13, 6, 0, 0, 0, '14:37:19']
[13, 5, 0, 0, 0, '14:37:20']
[12, 5, 0, 0, 0, '14:37:21']
[12, 4, 0, 0, 0, '14:37:22']
[12, 5, 0, 0, 0, '14:37:23']
[11, 6, 0, 0, 0, '14:37:25']
[12, 5, 0, 0, 0, '14:37:26']
[12, 5, 0, 0, 0, '14:37:27']
[12, 4, 0, 0, 0, '14:37:28']
[11, 3, 0, 0, 0, '14:37:29']
[12, 5, 0, 0, 0, '14:37:31']
[11, 4, 0, 0, 0, '14:37:32']
[11, 5, 0, 0, 0, '14:37:33']
[11, 5, 0, 0, 0, '14:37:34']
[10, 5, 0, 0, 0, '14:37:35']
[11, 4, 0, 0, 0, '14:37:37']
[10, 5, 0, 0, 0, '14:37:38']
[10, 4, 0, 0, 0, '14:37:39']
[12, 4, 0, 0, 0, '14:37:40']
[11, 5, 0, 0, 0, '14:37:41']
[10, 5, 0, 1, 0, '14:37:43']
[12, 4, 0, 0, 0, '14:37:44']
[11, 5, 0, 0, 0, '14:37:45']
[12, 4, 0, 0, 0, '14:37:46']
[12, 4, 0, 0, 0, '14:37:47']
[12, 4, 0, 0, 0, '14:37:49']
[12, 4, 0, 0, 0, '14:37:50']
[11, 4, 0, 0, 0, '14:37:51']
[11, 5, 0, 0, 0, '14:37:52']
[11, 4, 0, 0, 0, '14:37:53']
[11, 4, 0, 0, 0, '14:37:55']
[11, 4, 0, 0, 0, '14:37:56']
[11, 4, 0, 0, 0, '14:37:57']
[11, 4, 0, 0, 0, '14:37:58']
[11, 4, 0, 0, 0, '14:38:00']
[11, 4, 0, 0, 0, '14:38:01']
[11, 5, 0, 0, 0, '14:38:02']
[11, 5, 0, 0, 0, '14:38:03']
[11, 4, 0, 0, 0, '14:38:04']
[10, 4, 0, 0, 0, '14:38:06']
[11, 4, 0, 0, 0, '14:38:07']
[11, 4, 0, 0, 0, '14:38:08']
[11, 4, 0, 0, 0, '14:38:09']
[11, 4, 0, 0, 0, '14:38:11']
[11, 4, 0, 0, 0, '14:38:12']
[11, 4, 0, 0, 0, '14:38:13']
[11, 4, 0, 0, 0, '14:38:15']
[11, 4, 0, 0, 0, '14:38:16']
[11, 4, 0, 0, 0, '14:38:17']
[11, 4, 0, 0, 0, '14:38:18']
[11, 4, 0, 0, 0, '14:38:19']
[11, 4, 0, 0, 0, '14:38:21']
[10, 4, 0, 0, 0, '14:38:22']
[11, 5, 0, 0, 0, '14:38:23']
[11, 5, 0, 0, 0, '14:38:24']
[11, 5, 0, 0, 0, '14:38:25']
[11, 6, 0, 0, 0, '14:38:27']
[11, 5, 0, 0, 0, '14:38:28']
[11, 3, 0, 0, 0, '14:38:29']
[11, 3, 0, 0, 0, '14:38:30']
[11, 3, 0, 0, 0, '14:38:32']
[12, 3, 0, 0, 0, '14:38:33']
[11, 3, 0, 0, 0, '14:38:34']
[12, 3, 0, 0, 0, '14:38:35']
[10, 2, 0, 0, 0, '14:38:36']
[11, 2, 0, 0, 0, '14:38:38']
[11, 2, 0, 0, 0, '14:38:39']
[10, 2, 0, 0, 0, '14:38:40']
[11, 2, 0, 0, 0, '14:38:41']
[10, 2, 0, 0, 0, '14:38:42']
[10, 2, 0, 0, 0, '14:38:44']
[10, 2, 0, 0, 0, '14:38:45']
[11, 2, 0, 0, 0, '14:38:46']
[11, 2, 0, 0, 0, '14:38:47']
[11, 2, 0, 0, 0, '14:38:48']
[10, 2, 0, 0, 0, '14:38:49']
[11, 2, 0, 0, 0, '14:38:51']
[10, 3, 0, 0, 0, '14:38:52']
[10, 3, 0, 1, 0, '14:38:53']
[10, 3, 0, 1, 0, '14:38:54']
[10, 2, 0, 1, 0, '14:38:55']
[10, 2, 0, 1, 0, '14:38:57']
[11, 2, 0, 0, 0, '14:38:58']
[10, 2, 0, 0, 0, '14:38:59']
[10, 2, 0, 1, 0, '14:39:01']
[11, 2, 0, 0, 0, '14:39:02']
[11, 2, 0, 0, 0, '14:39:03']
[11, 2, 0, 0, 0, '14:39:04']
[11, 2, 0, 0, 0, '14:39:05']
[10, 2, 0, 0, 0, '14:39:07']
[10, 1, 0, 1, 0, '14:39:08']
[10, 1, 0, 1, 0, '14:39:09']
[11, 2, 0, 1, 0, '14:39:10']
[11, 3, 0, 1, 0, '14:39:11']
[11, 2, 0, 0, 0, '14:39:13']
[11, 4, 0, 0, 0, '14:39:14']
[11, 3, 0, 0, 0, '14:39:15']
[11, 4, 0, 0, 0, '14:39:16']
[11, 4, 0, 0, 0, '14:39:17']
[10, 4, 0, 0, 0, '14:39:19']
[10, 3, 0, 0, 0, '14:39:20']
[11, 3, 0, 0, 0, '14:39:21']
[10, 4, 0, 0, 0, '14:39:22']
[11, 3, 0, 0, 0, '14:39:23']
[12, 3, 0, 1, 0, '14:39:25']
[12, 4, 0, 1, 0, '14:39:26']
[12, 4, 0, 1, 0, '14:39:27']
[13, 4, 0, 0, 0, '14:39:28']
[12, 4, 0, 0, 0, '14:39:29']
[13, 4, 0, 1, 0, '14:39:31']
[12, 4, 0, 1, 0, '14:39:32']
[13, 3, 0, 1, 0, '14:39:33']
[13, 3, 0, 0, 0, '14:39:34']
[12, 3, 0, 1, 0, '14:39:35']
[13, 4, 0, 1, 0, '14:39:36']
[13, 3, 0, 0, 0, '14:39:38']
[13, 3, 0, 1, 0, '14:39:39']
[13, 3, 0, 1, 0, '14:39:40']
[13, 3, 0, 1, 0, '14:39:41']
[12, 4, 0, 1, 0, '14:39:43']
[13, 3, 0, 1, 0, '14:39:44']
[13, 2, 0, 1, 0, '14:39:45']
[13, 3, 0, 1, 0, '14:39:46']
[13, 2, 0, 1, 0, '14:39:47']
[13, 3, 0, 1, 0, '14:39:49']
[12, 4, 0, 1, 0, '14:39:50']
[12, 3, 0, 1, 0, '14:39:51']
[12, 2, 0, 0, 0, '14:39:52']
[13, 3, 0, 1, 0, '14:39:53']
[11, 3, 0, 1, 0, '14:39:55']
[11, 3, 0, 1, 0, '14:39:56']
[12, 3, 0, 1, 0, '14:39:57']
[13, 2, 0, 1, 0, '14:39:58']
[12, 3, 0, 1, 0, '14:39:59']
[11, 2, 0, 1, 0, '14:40:01']
[11, 1, 0, 1, 0, '14:40:02']
[11, 2, 0, 1, 0, '14:40:03']
[11, 2, 0, 1, 0, '14:40:04']
[11, 3, 0, 1, 0, '14:40:05']
[11, 4, 0, 1, 0, '14:40:07']
[12, 1, 0, 1, 0, '14:40:08']
[11, 2, 0, 1, 0, '14:40:09']
[10, 1, 0, 1, 0, '14:40:10']
[9, 2, 0, 1, 0, '14:40:11']
[10, 1, 0, 1, 0, '14:40:13']
[11, 0, 0, 1, 0, '14:40:14']
[11, 0, 0, 1, 0, '14:40:15']
[10, 1, 0, 1, 0, '14:40:16']
[10, 0, 0, 1, 0, '14:40:17']
[11, 1, 0, 1, 0, '14:40:19']
[11, 1, 0, 1, 0, '14:40:20']
[11, 1, 0, 1, 0, '14:40:21']
[11, 1, 0, 1, 0, '14:40:22']
[12, 1, 0, 1, 0, '14:40:24']
[11, 1, 0, 1, 0, '14:40:25']
[10, 1, 0, 1, 0, '14:40:26']
[10, 2, 0, 1, 0, '14:40:27']
[10, 1, 0, 1, 0, '14:40:28']
[10, 2, 0, 1, 0, '14:40:30']
[11, 2, 0, 1, 0, '14:40:31']
[11, 2, 0, 1, 0, '14:40:32']
[10, 1, 0, 0, 0, '14:40:33']
[10, 2, 0, 0, 0, '14:40:34']
[11, 1, 0, 0, 0, '14:40:36']
[10, 0, 0, 0, 0, '14:40:37']
[11, 1, 0, 0, 0, '14:40:38']
[11, 1, 0, 0, 0, '14:40:39']
[11, 2, 0, 0, 0, '14:40:40']
[11, 1, 0, 0, 0, '14:40:41']
[11, 2, 0, 0, 0, '14:40:43']
[10, 0, 0, 0, 0, '14:40:44']
[9, 0, 0, 0, 0, '14:40:45']
[10, 0, 0, 0, 0, '14:40:46']
[10, 1, 0, 0, 0, '14:40:47']
[11, 1, 0, 0, 0, '14:40:49']
[11, 0, 0, 0, 0, '14:40:50']
[11, 1, 0, 0, 0, '14:40:51']
[11, 1, 0, 0, 0, '14:40:52']
[10, 0, 0, 0, 0, '14:40:53']
[11, 1, 0, 0, 0, '14:40:55']
[11, 1, 0, 0, 0, '14:40:56']
[10, 2, 0, 0, 0, '14:40:57']
[12, 1, 0, 0, 0, '14:40:58']
[12, 1, 0, 0, 0, '14:40:59']
[10, 1, 0, 0, 0, '14:41:01']
[10, 2, 0, 0, 0, '14:41:02']
[10, 1, 0, 0, 0, '14:41:03']
[9, 0, 0, 0, 0, '14:41:04']
[10, 1, 0, 0, 0, '14:41:05']
[10, 0, 0, 1, 0, '14:41:07']
[11, 4, 0, 0, 0, '14:41:08']
[10, 2, 0, 0, 0, '14:41:09']
[10, 4, 0, 0, 0, '14:41:10']
[10, 1, 0, 0, 0, '14:41:11']
[10, 1, 0, 0, 0, '14:41:13']
[10, 1, 0, 0, 0, '14:41:14']
[11, 1, 0, 0, 0, '14:41:15']
[10, 0, 0, 0, 0, '14:41:16']
[11, 1, 0, 0, 0, '14:41:17']
[11, 1, 0, 0, 0, '14:41:19']
[11, 1, 0, 0, 0, '14:41:20']
[9, 2, 0, 0, 0, '14:41:21']
[10, 2, 0, 0, 0, '14:41:22']
[10, 2, 0, 0, 0, '14:41:23']
[9, 2, 0, 0, 0, '14:41:25']
[11, 2, 0, 0, 0, '14:41:26']
[11, 3, 0, 0, 0, '14:41:27']
[11, 1, 0, 0, 0, '14:41:28']
[11, 1, 0, 0, 0, '14:41:29']
[11, 2, 0, 0, 0, '14:41:31']
[11, 2, 0, 0, 0, '14:41:32']
[10, 1, 0, 0, 0, '14:41:33']
[11, 2, 0, 0, 0, '14:41:34']
[12, 2, 0, 0, 0, '14:41:35']
[12, 3, 0, 0, 0, '14:41:36']
[13, 3, 0, 0, 0, '14:41:38']
[12, 1, 0, 0, 0, '14:41:39']
[12, 0, 0, 0, 0, '14:41:40']
[13, 0, 0, 1, 0, '14:41:41']
[12, 2, 0, 0, 0, '14:41:42']
[13, 2, 0, 0, 0, '14:41:44']
[14, 2, 0, 0, 0, '14:41:45']
[14, 3, 0, 0, 0, '14:41:46']
[13, 2, 0, 0, 0, '14:41:47']
[14, 3, 0, 0, 0, '14:41:49']
[12, 3, 0, 0, 0, '14:41:50']
[13, 4, 0, 0, 0, '14:41:51']
[12, 2, 0, 0, 0, '14:41:52']
[12, 3, 0, 0, 0, '14:41:53']
[13, 2, 0, 0, 0, '14:41:54']
[13, 3, 0, 0, 0, '14:41:56']
[14, 2, 0, 0, 0, '14:41:57']
[14, 2, 0, 0, 0, '14:41:58']
[13, 2, 0, 0, 0, '14:41:59']
[12, 3, 0, 0, 0, '14:42:01']
[13, 3, 0, 0, 0, '14:42:02']
[11, 3, 0, 0, 0, '14:42:03']
[11, 3, 0, 0, 0, '14:42:04']
[11, 4, 0, 0, 0, '14:42:05']
[11, 3, 0, 0, 0, '14:42:06']
[11, 4, 0, 1, 0, '14:42:08']
[10, 2, 0, 0, 0, '14:42:09']
[11, 1, 0, 1, 0, '14:42:10']
[10, 2, 0, 1, 0, '14:42:11']
[11, 2, 0, 0, 0, '14:42:12']
[11, 3, 0, 0, 0, '14:42:14']
[11, 2, 0, 0, 0, '14:42:15']
[10, 2, 0, 1, 0, '14:42:17']
[10, 3, 0, 1, 0, '14:42:18']
[10, 4, 0, 0, 0, '14:42:19']
[10, 3, 0, 1, 0, '14:42:20']
[11, 3, 0, 0, 0, '14:42:21']
[11, 3, 0, 0, 0, '14:42:23']
[11, 3, 0, 0, 0, '14:42:24']
[10, 3, 0, 0, 0, '14:42:25']
[10, 2, 0, 0, 0, '14:42:26']
[10, 3, 0, 0, 0, '14:42:27']
[10, 3, 0, 0, 0, '14:42:29']
[10, 3, 0, 0, 0, '14:42:30']
[10, 3, 0, 0, 0, '14:42:31']
[10, 1, 0, 0, 0, '14:42:32']
[10, 3, 0, 0, 0, '14:42:33']
[11, 3, 0, 0, 0, '14:42:35']
[10, 2, 0, 0, 0, '14:42:36']
[10, 2, 0, 0, 0, '14:42:37']
[9, 3, 0, 0, 0, '14:42:38']
[9, 2, 0, 1, 0, '14:42:39']
[9, 3, 0, 1, 0, '14:42:41']
[9, 2, 0, 1, 0, '14:42:42']
[9, 2, 0, 1, 0, '14:42:43']
[9, 2, 0, 1, 0, '14:42:44']
[10, 1, 0, 1, 0, '14:42:45']
[9, 2, 0, 1, 0, '14:42:47']
[9, 1, 0, 1, 0, '14:42:48']
[8, 2, 0, 0, 0, '14:42:49']
[8, 2, 0, 0, 0, '14:42:50']
[8, 2, 0, 0, 0, '14:42:51']
[11, 2, 0, 0, 0, '14:42:53']
[10, 2, 0, 0, 0, '14:42:54']
[9, 1, 0, 0, 0, '14:42:55']
[9, 1, 0, 0, 0, '14:42:56']
[8, 1, 0, 0, 0, '14:42:58']
[7, 1, 0, 0, 0, '14:42:59']
[8, 1, 0, 0, 0, '14:43:00']
[8, 1, 0, 0, 0, '14:43:01']
[9, 1, 0, 0, 0, '14:43:02']
[9, 0, 0, 0, 0, '14:43:04']
[9, 0, 0, 1, 0, '14:43:05']
[9, 0, 0, 1, 0, '14:43:06']
[8, 0, 0, 0, 0, '14:43:07']
[8, 0, 0, 0, 0, '14:43:09']
[8, 0, 0, 1, 0, '14:43:10']
[8, 0, 0, 0, 0, '14:43:11']
[8, 0, 0, 0, 0, '14:43:12']
[7, 0, 0, 1, 0, '14:43:13']
[8, 1, 0, 1, 0, '14:43:15']
[7, 0, 0, 1, 0, '14:43:16']
[8, 0, 0, 0, 0, '14:43:17']
[7, 0, 0, 1, 0, '14:43:18']
[7, 0, 0, 0, 0, '14:43:20']
[8, 0, 0, 0, 0, '14:43:21']
[8, 0, 0, 1, 0, '14:43:22']
[8, 0, 0, 1, 0, '14:43:23']
[7, 0, 0, 1, 0, '14:43:24']
[7, 1, 0, 1, 0, '14:43:26']
[8, 0, 0, 1, 0, '14:43:28']
[7, 0, 0, 1, 0, '14:43:30']
[6, 1, 0, 1, 0, '14:43:32']
[7, 0, 0, 1, 0, '14:43:33']
[8, 0, 0, 0, 0, '14:43:34']
[8, 0, 0, 1, 0, '14:43:35']
[7, 0, 0, 1, 0, '14:43:37']
[7, 0, 0, 1, 0, '14:43:38']
[7, 0, 0, 1, 0, '14:43:39']
[6, 1, 0, 1, 0, '14:43:41']
[6, 1, 0, 1, 0, '14:43:42']
[5, 0, 0, 1, 0, '14:43:43']
[6, 0, 0, 0, 0, '14:43:44']
[6, 1, 0, 1, 0, '14:43:46']
[6, 0, 0, 1, 0, '14:43:47']
[7, 0, 0, 1, 0, '14:43:48']
[6, 0, 0, 1, 0, '14:43:49']
[5, 0, 0, 1, 0, '14:43:50']
[6, 0, 0, 1, 0, '14:43:52']
[6, 0, 0, 1, 0, '14:43:53']
[5, 0, 0, 1, 0, '14:43:54']
[6, 0, 0, 1, 0, '14:43:55']
[6, 0, 0, 1, 0, '14:43:56']
[6, 0, 0, 1, 0, '14:43:58']
[6, 0, 0, 1, 0, '14:43:59']
[6, 0, 0, 0, 0, '14:44:00']
[6, 0, 0, 0, 0, '14:44:01']
[6, 0, 0, 0, 0, '14:44:02']
[5, 0, 0, 1, 0, '14:44:04']
[6, 0, 0, 1, 0, '14:44:05']
[5, 0, 0, 1, 0, '14:44:06']
[5, 0, 0, 1, 0, '14:44:07']
[5, 0, 0, 1, 0, '14:44:09']
[5, 0, 0, 0, 0, '14:44:10']
[5, 0, 0, 0, 0, '14:44:11']
[5, 0, 0, 1, 0, '14:44:12']
[5, 0, 0, 0, 0, '14:44:13']
[5, 0, 0, 0, 0, '14:44:15']
[5, 0, 0, 0, 0, '14:44:16']
[5, 0, 0, 0, 0, '14:44:17']
[6, 0, 0, 0, 0, '14:44:18']
[5, 0, 0, 0, 0, '14:44:19']
[6, 0, 0, 0, 0, '14:44:21']
[5, 0, 0, 0, 0, '14:44:22']
[5, 0, 0, 0, 0, '14:44:23']
[6, 0, 0, 0, 0, '14:44:24']
[6, 0, 0, 0, 0, '14:44:25']
[6, 0, 0, 0, 0, '14:44:27']
[6, 0, 0, 0, 0, '14:44:28']
[6, 1, 0, 0, 0, '14:44:29']
[6, 1, 0, 0, 0, '14:44:30']
[6, 0, 0, 0, 0, '14:44:32']
[7, 1, 0, 0, 0, '14:44:33']
[5, 1, 0, 0, 0, '14:44:34']
[6, 0, 0, 0, 0, '14:44:35']
[6, 0, 0, 0, 0, '14:44:36']
[6, 0, 0, 0, 0, '14:44:38']
[6, 0, 0, 0, 0, '14:44:39']
[6, 0, 0, 0, 0, '14:44:40']
[6, 0, 0, 0, 0, '14:44:41']
[6, 1, 0, 0, 0, '14:44:42']
[6, 0, 0, 0, 0, '14:44:44']
[6, 0, 0, 0, 0, '14:44:45']
[6, 1, 0, 0, 0, '14:44:46']
[6, 1, 0, 0, 0, '14:44:47']
[5, 1, 0, 0, 0, '14:44:48']
[5, 1, 0, 0, 0, '14:44:50']
[6, 0, 0, 0, 0, '14:44:51']
[6, 0, 0, 0, 0, '14:44:52']
[5, 0, 0, 0, 0, '14:44:53']
[6, 0, 0, 0, 0, '14:44:55']
[6, 1, 0, 0, 0, '14:44:56']
[6, 1, 0, 0, 0, '14:44:57']
[6, 0, 0, 0, 0, '14:44:58']
[6, 0, 0, 0, 0, '14:44:59']
[6, 0, 0, 0, 0, '14:45:00']
[7, 0, 0, 0, 0, '14:45:02']
[5, 0, 0, 0, 0, '14:45:03']
[6, 1, 0, 0, 0, '14:45:04']
[7, 1, 0, 0, 0, '14:45:05']
[8, 1, 0, 0, 0, '14:45:06']
[7, 1, 0, 0, 0, '14:45:08']
[7, 1, 0, 0, 0, '14:45:09']
[7, 1, 0, 0, 0, '14:45:10']
